address,value
0x2595aaffb353e812bb5cbb63f7f62e36fe528f02,1
0x1a386db87b8f43ce4cec1d7cd680bf691c4e062f,1